0.899 0.000 0.101
0.833 0.000 0.167
0.730 0.026 0.244
0.868 0.000 0.131
0.895 0.003 0.102
0.862 0.001 0.137
0.717 0.000 0.283
0.814 0.002 0.184
0.728 0.000 0.271
0.828 0.002 0.170
0.889 0.001 0.111
0.867 0.001 0.132
0.858 0.000 0.142
0.856 0.036 0.108
0.724 0.001 0.275
0.706 0.001 0.294
0.737 0.002 0.261
0.832 0.011 0.157
0.589 0.078 0.333
0.829 0.005 0.165
0.750 0.002 0.249
0.764 0.008 0.227
0.750 0.001 0.249
0.844 0.000 0.156
0.884 0.030 0.086
0.815 0.003 0.183
0.789 0.000 0.210
0.785 0.000 0.214
0.759 0.000 0.241
0.735 0.001 0.264
0.601 0.182 0.217
0.758 0.008 0.234
0.819 0.001 0.180
0.976 0.000 0.024
0.629 0.012 0.359
0.661 0.000 0.339
0.849 0.001 0.150
0.871 0.005 0.124
0.756 0.032 0.211
0.814 0.004 0.182
0.850 0.003 0.148
0.695 0.000 0.304
0.860 0.014 0.126
0.709 0.001 0.290
0.647 0.000 0.353
0.790 0.000 0.210
0.716 0.001 0.283
0.804 0.006 0.190
0.878 0.002 0.121
0.000 0.000 1.000
0.000 0.001 0.999
0.000 0.001 0.999
0.001 0.000 0.999
0.000 0.001 0.999
0.000 0.003 0.997
0.000 0.001 0.999
0.000 0.000 0.999
0.000 0.002 0.998
0.000 0.002 0.998
0.000 0.001 0.999
0.000 0.001 0.999
0.001 0.001 0.998
0.000 0.000 1.000
0.000 0.001 0.999
0.000 0.000 1.000
0.000 0.004 0.996
0.000 0.001 0.999
0.000 0.011 0.989
0.001 0.004 0.995
0.000 0.000 0.999
0.000 0.001 0.999
0.000 0.000 1.000
0.000 0.002 0.998
0.000 0.000 1.000
0.002 0.003 0.996
0.000 0.000 0.999
0.000 0.000 1.000
0.000 0.001 0.999
0.000 0.001 0.999
0.000 0.000 1.000
0.000 0.000 0.999
0.000 0.004 0.996
0.000 0.000 0.999
0.000 0.003 0.996
0.000 0.003 0.997
0.000 0.002 0.998
0.000 0.000 0.999
0.000 0.000 1.000
0.000 0.012 0.988
0.000 0.000 1.000
0.002 0.005 0.994
0.000 0.000 1.000
0.000 0.001 0.999
0.000 0.001 0.999
0.000 0.002 0.997
0.001 0.001 0.998
0.000 0.000 1.000
0.000 0.001 0.999
0.000 0.000 1.000
0.000 0.001 0.999
0.000 0.000 1.000
0.000 0.001 0.999
0.000 0.010 0.990
0.000 0.001 0.999
0.000 0.000 1.000
0.000 0.001 0.999
0.000 0.001 0.999
0.000 0.000 1.000
0.000 0.005 0.995
0.000 0.000 1.000
0.000 0.001 0.999
0.000 0.001 0.999
0.000 0.000 1.000
0.000 0.001 0.999
0.000 0.000 1.000
0.000 0.002 0.997
0.000 0.001 0.999
0.000 0.000 0.999
0.000 0.000 1.000
0.000 0.001 0.999
0.000 0.006 0.994
0.000 0.000 0.999
0.005 0.002 0.994
0.000 0.016 0.983
0.000 0.004 0.996
0.000 0.000 1.000
0.000 0.001 0.999
0.000 0.001 0.999
0.000 0.000 1.000
0.000 0.000 0.999
0.000 0.000 1.000
0.000 0.000 1.000
0.000 0.000 0.999
0.000 0.001 0.999
0.000 0.001 0.998
0.000 0.000 0.999
0.000 0.011 0.989
0.000 0.000 1.000
0.000 0.002 0.998
0.000 0.003 0.997
0.000 0.000 1.000
0.000 0.000 1.000
0.000 0.001 0.999
0.000 0.001 0.999
0.000 0.001 0.999
0.000 0.000 0.999
0.000 0.002 0.998
0.000 0.001 0.999
0.000 0.001 0.999
0.000 0.001 0.999
0.000 0.000 1.000
0.000 0.000 1.000
0.000 0.001 0.999
0.000 0.001 0.999
0.000 0.008 0.992
0.000 0.001 0.999
0.000 0.001 0.999
0.000 0.000 1.000
0.000 0.000 1.000
0.000 0.000 1.000
0.000 0.000 0.999
0.031 0.500 0.469
0.003 0.492 0.505
0.028 0.417 0.555
0.060 0.429 0.511
0.017 0.212 0.771
0.003 0.250 0.747
0.021 0.497 0.482
0.002 0.230 0.769
0.029 0.357 0.613
0.003 0.552 0.445
0.000 0.502 0.498
0.001 0.471 0.528
0.001 0.596 0.404
0.018 0.322 0.660
0.016 0.316 0.668
0.034 0.112 0.854
0.031 0.267 0.702
0.045 0.227 0.727
0.000 0.226 0.774
0.013 0.294 0.693
0.019 0.560 0.421
0.049 0.412 0.539
0.020 0.401 0.579
0.053 0.359 0.588
0.048 0.425 0.527
0.000 0.647 0.353
0.000 0.423 0.577
0.000 0.393 0.607
0.027 0.418 0.555
0.021 0.251 0.729
0.022 0.407 0.571
0.001 0.570 0.428
0.000 0.458 0.542
0.067 0.171 0.762
0.019 0.487 0.494
0.022 0.573 0.405
0.005 0.260 0.735
0.045 0.380 0.574
0.023 0.468 0.509
0.013 0.325 0.663
0.034 0.483 0.484
0.033 0.502 0.465
0.042 0.334 0.624
0.020 0.409 0.571
0.007 0.475 0.518
0.022 0.273 0.705
0.057 0.405 0.538
0.000 0.472 0.527
0.035 0.040 0.925
0.001 0.262 0.737
1.000 0.000 0.000
1.000 0.000 0.000
1.000 0.000 0.000
1.000 0.000 0.000
1.000 0.000 0.000
1.000 0.000 0.000
1.000 0.000 0.000
0.999 0.001 0.000
0.999 0.000 0.000
1.000 0.000 0.000
1.000 0.000 0.000
0.997 0.001 0.003
1.000 0.000 0.000
0.999 0.000 0.000
1.000 0.000 0.000
1.000 0.000 0.000
1.000 0.000 0.000
0.999 0.001 0.000
0.999 0.000 0.000
1.000 0.000 0.000
0.999 0.000 0.001
0.999 0.001 0.000
1.000 0.000 0.000
1.000 0.000 0.000
1.000 0.000 0.000
1.000 0.000 0.000
1.000 0.000 0.000
1.000 0.000 0.000
1.000 0.000 0.000
0.999 0.000 0.001
1.000 0.000 0.000
0.999 0.000 0.001
0.999 0.000 0.000
0.999 0.000 0.000
0.998 0.002 0.000
1.000 0.000 0.000
0.992 0.001 0.007
0.999 0.000 0.001
1.000 0.000 0.000
1.000 0.000 0.000
0.998 0.001 0.001
1.000 0.000 0.000
1.000 0.000 0.000
0.999 0.000 0.000
0.999 0.000 0.000
1.000 0.000 0.000
0.998 0.000 0.002
0.999 0.001 0.001
1.000 0.000 0.000
1.000 0.000 0.000
0.993 0.000 0.007
1.000 0.000 0.000
1.000 0.000 0.000
0.998 0.000 0.001
1.000 0.000 0.000
1.000 0.000 0.000
1.000 0.000 0.000
0.999 0.000 0.000
1.000 0.000 0.000
1.000 0.000 0.000
1.000 0.000 0.000
0.999 0.000 0.000
1.000 0.000 0.000
0.998 0.000 0.002
0.999 0.000 0.000
1.000 0.000 0.000
0.999 0.000 0.001
0.998 0.000 0.001
1.000 0.000 0.000
0.999 0.000 0.000
1.000 0.000 0.000
1.000 0.000 0.000
1.000 0.000 0.000
1.000 0.000 0.000
0.999 0.000 0.000
0.999 0.000 0.000
1.000 0.000 0.000
1.000 0.000 0.000
1.000 0.000 0.000
1.000 0.000 0.000
0.999 0.000 0.000
0.999 0.000 0.000
0.998 0.000 0.001
1.000 0.000 0.000
1.000 0.000 0.000
0.999 0.000 0.000
1.000 0.000 0.000
0.990 0.009 0.002
0.999 0.000 0.001
0.999 0.000 0.001
1.000 0.000 0.000
0.999 0.000 0.000
1.000 0.000 0.000
0.999 0.000 0.000
0.998 0.000 0.002
1.000 0.000 0.000
0.999 0.000 0.000
1.000 0.000 0.000
0.999 0.000 0.001
0.999 0.000 0.000
1.000 0.000 0.000
0.999 0.000 0.000
1.000 0.000 0.000
0.999 0.000 0.000
1.000 0.000 0.000
1.000 0.000 0.000
1.000 0.000 0.000
1.000 0.000 0.000
1.000 0.000 0.000
1.000 0.000 0.000
1.000 0.000 0.000
1.000 0.000 0.000
0.998 0.001 0.001