1481321931
1481321937
1481322039
1481322067
1481322184
1481322234
1481322378
1481322498
1481322540
1481322824
1481322902
1481322952
1481323060
1481323077
1481323147
1481325277
1481335282
1481335643
1481335712
1481335750
1481335766
1481335863
1481335882
1481335898
1481335934
1481335946
1481336073
1481336099
1481336271
1481336307
1481336323
1481336342
1481336436
1481336474
1481336594
1481336749
1481336827
1481336835
1481336870
1481336945
1481337037
1481337107
1481337191
1481337282
1481337309
1481337427
