

----------------------------------------------------
STRUCTURE by Pritchard, Stephens and Donnelly (2000)
     and Falush, Stephens and Pritchard (2003)
       Code by Pritchard, Falush and Hubisz
             Version 2.3.4 (Jul 2012)
----------------------------------------------------



Command line arguments:   ./structure -i ../thrush 
Input File:    ../thrush

Run parameters:
   155 individuals
   7 loci
   3 populations assumed
   100000 Burn-in period
   100000 Reps


--------------------------------------------
Proportion of membership of each pre-defined
 population in each of the 3 clusters

Given    Inferred Clusters       Number of
 Pop       1      2      3      Individuals

  1:     0.966  0.018  0.015       17
  2:     0.026  0.945  0.029       80
  3:     0.081  0.036  0.883       54
  4:     0.167  0.012  0.821        4
--------------------------------------------

Allele-freq. divergence among pops (Net nucleotide distance),
computed using point estimates of P.

      1       2       3      
 1      -    0.1748  0.0644  
 2   0.1748     -    0.1591  
 3   0.0644  0.1591     -    

Average distances (expected heterozygosity) between individuals in same cluster:
cluster  1  : 0.6164 
cluster  2  : 0.5500 
cluster  3  : 0.6508 

--------------------------------------------
Estimated Ln Prob of Data   = -2637.9
Mean value of ln likelihood = -2576.8
Variance of ln likelihood   = 122.2
Mean value of alpha         = 0.0416

Mean value of Fst_1         = 0.2154
Mean value of Fst_2         = 0.1921
Mean value of Fst_3         = 0.0993


Inferred ancestry of individuals:
        Label (%Miss) Pop:  Inferred clusters
  1        1    (0)    2 :  0.014 0.908 0.078 
  2       10    (0)    2 :  0.016 0.974 0.010 
  3     1219    (7)    2 :  0.005 0.981 0.014 
  4     1223    (0)    2 :  0.012 0.459 0.529 
  5     1225   (14)    2 :  0.020 0.966 0.014 
  6     1226    (0)    2 :  0.007 0.984 0.010 
  7     1228    (0)    2 :  0.007 0.950 0.042 
  8     1238    (0)    2 :  0.015 0.966 0.020 
  9     1243    (0)    2 :  0.010 0.957 0.033 
 10     1244    (7)    2 :  0.012 0.955 0.033 
 11     1253    (7)    2 :  0.005 0.974 0.021 
 12     1254    (0)    2 :  0.009 0.984 0.007 
 13     1274    (0)    2 :  0.005 0.990 0.005 
 14     1275    (0)    2 :  0.029 0.917 0.053 
 15     1277    (7)    2 :  0.026 0.965 0.009 
 16     1284    (7)    2 :  0.005 0.986 0.009 
 17     1296    (7)    2 :  0.007 0.984 0.009 
 18     1297    (0)    2 :  0.009 0.973 0.018 
 19     1299    (7)    2 :  0.005 0.988 0.007 
 20     1302    (0)    2 :  0.059 0.873 0.067 
 21     1303    (7)    2 :  0.015 0.938 0.047 
 22     1304    (0)    2 :  0.011 0.982 0.006 
 23     1312    (0)    2 :  0.010 0.957 0.033 
 24     1317    (0)    2 :  0.006 0.987 0.007 
 25     1318    (0)    2 :  0.020 0.884 0.096 
 26     1319    (0)    2 :  0.024 0.967 0.009 
 27     1320    (0)    2 :  0.009 0.986 0.005 
 28     1321    (7)    2 :  0.008 0.966 0.026 
 29     1323    (0)    2 :  0.264 0.719 0.017 
 30     1324    (0)    2 :  0.081 0.895 0.024 
 31     1325    (7)    2 :  0.018 0.962 0.020 
 32     1326    (0)    2 :  0.008 0.968 0.024 
 33     1327    (7)    2 :  0.008 0.979 0.013 
 34     1328    (0)    2 :  0.005 0.989 0.006 
 35     1329    (7)    1 :  0.987 0.005 0.008 
 36       15    (0)    3 :  0.018 0.009 0.973 
 37       16    (7)    2 :  0.011 0.983 0.006 
 38       17    (7)    3 :  0.189 0.183 0.628 
 39       19    (7)    3 :  0.008 0.005 0.987 
 40        2    (0)    2 :  0.005 0.991 0.004 
 41       20    (0)    1 :  0.989 0.004 0.007 
 42       21    (0)    2 :  0.013 0.967 0.020 
 43       27    (7)    1 :  0.972 0.019 0.008 
 44       28    (0)    3 :  0.085 0.007 0.909 
 45       29    (7)    2 :  0.007 0.986 0.006 
 46       30    (7)    2 :  0.037 0.947 0.016 
 47       31    (0)    2 :  0.011 0.982 0.007 
 48       32    (7)    2 :  0.007 0.983 0.009 
 49       33    (0)    2 :  0.008 0.986 0.006 
 50       34    (0)    3 :  0.011 0.684 0.305 
 51       36    (0)    3 :  0.582 0.009 0.409 
 52       37    (0)    2 :  0.018 0.965 0.017 
 53       38    (0)    3 :  0.022 0.010 0.968 
 54        4    (7)    2 :  0.083 0.908 0.009 
 55       40    (0)    3 :  0.379 0.022 0.599 
 56       41    (7)    3 :  0.018 0.007 0.975 
 57       42    (0)    3 :  0.906 0.027 0.067 
 58      429    (0)    1 :  0.971 0.017 0.012 
 59       43    (7)    3 :  0.015 0.017 0.968 
 60       44    (7)    3 :  0.008 0.006 0.985 
 61       45    (0)    2 :  0.008 0.978 0.014 
 62      457    (7)    1 :  0.942 0.007 0.051 
 63       46    (0)    2 :  0.007 0.984 0.009 
 64       47    (7)    2 :  0.459 0.497 0.044 
 65      471    (0)    1 :  0.986 0.005 0.009 
 66      479    (0)    1 :  0.964 0.007 0.029 
 67       48    (0)    3 :  0.019 0.008 0.973 
 68       49    (0)    3 :  0.008 0.008 0.985 
 69      494    (0)    1 :  0.972 0.010 0.018 
 70        5    (7)    2 :  0.007 0.980 0.012 
 71       50    (7)    3 :  0.008 0.014 0.978 
 72      505    (7)    1 :  0.971 0.009 0.020 
 73      508    (0)    1 :  0.916 0.053 0.031 
 74       51    (0)    3 :  0.007 0.007 0.986 
 75       52    (7)    3 :  0.038 0.005 0.957 
 76       54    (7)    3 :  0.043 0.298 0.659 
 77       55    (7)    2 :  0.015 0.975 0.010 
 78       56    (0)    2 :  0.006 0.990 0.005 
 79       57    (7)    2 :  0.007 0.985 0.008 
 80       58    (7)    2 :  0.008 0.983 0.009 
 81       59    (7)    2 :  0.009 0.979 0.011 
 82       60    (0)    2 :  0.008 0.984 0.008 
 83      604    (0)    1 :  0.867 0.122 0.010 
 84       61    (0)    3 :  0.020 0.056 0.924 
 85       62    (7)    2 :  0.004 0.990 0.005 
 86       63    (0)    2 :  0.014 0.974 0.011 
 87       64    (0)    2 :  0.063 0.791 0.146 
 88       66    (0)    2 :  0.053 0.939 0.008 
 89       67    (7)    2 :  0.019 0.970 0.011 
 90       68    (0)    2 :  0.007 0.976 0.017 
 91       69    (7)    2 :  0.008 0.986 0.006 
 92      691    (7)    1 :  0.977 0.012 0.012 
 93        7    (7)    3 :  0.019 0.005 0.976 
 94      715    (0)    1 :  0.987 0.005 0.008 
 95      724    (0)    4 :  0.009 0.006 0.986 
 96      755    (0)    4 :  0.606 0.006 0.388 
 97      768    (7)    4 :  0.043 0.031 0.926 
 98        8    (0)    2 :  0.005 0.990 0.005 
 99      806    (0)    4 :  0.009 0.007 0.984 
100      817    (0)    3 :  0.034 0.005 0.961 
101      827    (7)    3 :  0.011 0.017 0.971 
102      828    (0)    3 :  0.016 0.004 0.979 
103      829    (0)    3 :  0.012 0.010 0.979 
104      834    (7)    3 :  0.010 0.006 0.984 
105      845    (0)    3 :  0.076 0.011 0.913 
106      846    (0)    3 :  0.123 0.007 0.869 
107      853    (0)    3 :  0.007 0.009 0.983 
108      864    (7)    3 :  0.012 0.019 0.969 
109      865    (0)    3 :  0.074 0.011 0.914 
110      877    (0)    3 :  0.025 0.007 0.968 
111      884    (7)    3 :  0.011 0.011 0.978 
112      886    (0)    3 :  0.014 0.011 0.975 
113      890    (0)    3 :  0.008 0.030 0.962 
114      894    (0)    1 :  0.984 0.006 0.010 
115        9    (0)    1 :  0.969 0.017 0.015 
116      901    (0)    3 :  0.303 0.076 0.621 
117      911    (7)    3 :  0.034 0.066 0.899 
118      915    (7)    3 :  0.012 0.007 0.981 
119      918    (7)    3 :  0.026 0.008 0.966 
120      920    (7)    3 :  0.011 0.014 0.975 
121      921    (0)    3 :  0.013 0.014 0.973 
122      928    (0)    3 :  0.058 0.015 0.927 
123      929    (7)    3 :  0.153 0.011 0.836 
124      933    (0)    3 :  0.011 0.068 0.920 
125      937    (0)    3 :  0.007 0.010 0.983 
126      951    (7)    3 :  0.510 0.016 0.475 
127      952    (0)    1 :  0.985 0.007 0.008 
128      956    (0)    1 :  0.987 0.006 0.007 
129      957    (7)    3 :  0.029 0.009 0.962 
130      966    (7)    3 :  0.010 0.006 0.983 
131      967    (7)    3 :  0.014 0.010 0.976 
132      968    (7)    3 :  0.057 0.010 0.934 
133      969    (0)    3 :  0.006 0.016 0.978 
134      970    (0)    3 :  0.017 0.006 0.978 
135      974    (0)    3 :  0.101 0.014 0.885 
136      975    (7)    3 :  0.127 0.007 0.867 
137      976    (0)    3 :  0.012 0.038 0.951 
138      978    (0)    2 :  0.107 0.771 0.122 
139      979    (0)    2 :  0.010 0.978 0.012 
140      980    (0)    2 :  0.006 0.987 0.007 
141      981    (7)    2 :  0.075 0.889 0.036 
142      982    (0)    2 :  0.014 0.938 0.048 
143      983    (0)    2 :  0.054 0.886 0.059 
144      984    (0)    2 :  0.006 0.981 0.013 
145      985    (0)    2 :  0.005 0.986 0.010 
146      986    (0)    2 :  0.038 0.946 0.016 
147      987    (7)    2 :  0.006 0.981 0.012 
148      988    (0)    2 :  0.007 0.987 0.006 
149      989    (7)    2 :  0.009 0.971 0.020 
150      990   (14)    2 :  0.005 0.987 0.008 
151      991    (0)    2 :  0.018 0.975 0.006 
152      992    (0)    2 :  0.012 0.980 0.008 
153      993    (7)    2 :  0.022 0.967 0.011 
154      994    (0)    2 :  0.006 0.819 0.175 
155     1322   (14)    2 :  0.017 0.967 0.017 


Estimated Allele Frequencies in each cluster
First column gives estimated ancestral frequencies


Locus 1 : 
21 alleles
1.9% missing data
   1   (0.044) 0.004 0.005 0.067 
   4   (0.047) 0.014 0.481 0.009 
  13   (0.063) 0.006 0.104 0.050 
   7   (0.065) 0.006 0.055 0.107 
  12   (0.118) 0.132 0.072 0.215 
   5   (0.054) 0.005 0.026 0.066 
  17   (0.029) 0.002 0.014 0.003 
   2   (0.054) 0.030 0.067 0.009 
  15   (0.032) 0.003 0.072 0.003 
   3   (0.067) 0.029 0.032 0.041 
  18   (0.060) 0.285 0.017 0.014 
  16   (0.055) 0.194 0.017 0.011 
  11   (0.073) 0.266 0.002 0.208 
  10   (0.035) 0.003 0.001 0.063 
  20   (0.030) 0.003 0.001 0.028 
  22   (0.032) 0.003 0.001 0.046 
  19   (0.033) 0.003 0.001 0.037 
   9   (0.026) 0.002 0.007 0.002 
  21   (0.029) 0.006 0.010 0.006 
   8   (0.027) 0.002 0.001 0.011 
   6   (0.029) 0.004 0.013 0.003 

Locus 2 : 
5 alleles
0.0% missing data
   1   (0.094) 0.009 0.260 0.026 
   2   (0.411) 0.626 0.073 0.641 
   3   (0.265) 0.076 0.552 0.209 
   5   (0.183) 0.081 0.113 0.120 
   4   (0.047) 0.208 0.001 0.004 

Locus 3 : 
6 alleles
0.0% missing data
   6   (0.321) 0.167 0.709 0.294 
   1   (0.130) 0.019 0.126 0.112 
   4   (0.184) 0.061 0.034 0.391 
   3   (0.192) 0.421 0.112 0.098 
   5   (0.137) 0.328 0.012 0.103 
   2   (0.036) 0.004 0.007 0.003 

Locus 4 : 
3 alleles
0.0% missing data
   1   (0.593) 0.696 0.701 0.614 
   2   (0.242) 0.058 0.197 0.324 
   3   (0.164) 0.246 0.102 0.062 

Locus 5 : 
3 alleles
19.0% missing data
   2   (0.589) 0.677 0.835 0.512 
   3   (0.362) 0.318 0.164 0.451 
   1   (0.049) 0.005 0.002 0.037 

Locus 6 : 
10 alleles
0.0% missing data
   2   (0.062) 0.006 0.607 0.007 
   4   (0.175) 0.084 0.206 0.109 
  10   (0.081) 0.195 0.069 0.007 
   1   (0.090) 0.012 0.010 0.148 
   3   (0.317) 0.454 0.101 0.463 
   5   (0.057) 0.005 0.002 0.098 
   6   (0.088) 0.092 0.003 0.082 
   8   (0.042) 0.145 0.001 0.004 
   7   (0.053) 0.004 0.001 0.072 
   9   (0.035) 0.003 0.001 0.011 

Locus 7 : 
8 alleles
0.0% missing data
   5   (0.102) 0.190 0.439 0.009 
   8   (0.093) 0.026 0.083 0.034 
   1   (0.182) 0.028 0.137 0.339 
   4   (0.132) 0.032 0.179 0.077 
   6   (0.337) 0.484 0.151 0.481 
   3   (0.035) 0.004 0.006 0.004 
   2   (0.084) 0.222 0.002 0.052 
   7   (0.035) 0.014 0.003 0.003 

Values of parameters used in structure:
DATAFILE=../thrush,	OUTFILE=outfile,	NUMINDS=155,	NUMLOCI=7,	MISSING=-9,	LABEL=1,	POPDATA=1,	POPFLAG=0,	PHENOTYPE=0,	EXTRACOLS=0,	MAXPOPS=3,	BURNIN=100000,	NUMREPS=100000,	USEPOPINFO=0,	INFERALPHA=1,	INFERLAMBDA=0,	POPSPECIFICLAMBDA=0,	POPALPHAS=0,	COMPUTEPROB=1,	NOADMIX=0,	ADMBURNIN=0,	UPDATEFREQ=100,	PRINTLIKES=0,	INTERMEDSAVE=0,	PRINTKLD=0,	PRINTNET=1,	PRINTLAMBDA=1,	ANCESTDIST=0,	NUMBOXES=1000,	ANCESTPINT=0.90000,	GENSBACK=2,	MIGRPRIOR=0.01000,	PRINTQHAT=0,	PRINTQSUM=1,	ALPHA=1.0000,	FREQSCORR=1,	FPRIORMEAN=0.0100,	FPRIORSD=0.0500,	ONEFST=0,	LAMBDA=1.0000,	UNIFPRIORALPHA=1,	ALPHAMAX=10.0000,	ALPHAPRIORA=1.0000,	ALPHAPRIORB=2.0000,	ALPHAPROPSD=0.0250,	STARTATPOPINFO=0,	RANDOMIZE=1,	LINKAGE=0,	METROFREQ=10,	REPORTHITRATE=0,	MARKOVPHASE=0,	PHASED=0,	PLOIDY=2,	PHASEINFO=0	LOCPRIOR=0, 	LOCPRIORINIT=1.000000, 	LOCDATA=0, 	LOCISPOP=0, 	LOCPRIORSTEP=0.100000, 	MAXLOCPRIOR=20.000000, 	SEED=1481534610,	
[STRAT parameters]:    NUMSIMSTATS=1000,	PHENOTYPECOL=-9,	POOLFREQ=10,	LOCUSxONLY=0,	EMERROR=0.00100,	MISSINGPHENO=-9,	