

----------------------------------------------------
STRUCTURE by Pritchard, Stephens and Donnelly (2000)
     and Falush, Stephens and Pritchard (2003)
       Code by Pritchard, Falush and Hubisz
             Version 2.3.4 (Jul 2012)
----------------------------------------------------



Command line arguments:   ./structure -i ../thrush 
Input File:    ../thrush

Run parameters:
   155 individuals
   7 loci
   3 populations assumed
   100000 Burn-in period
   10000 Reps


--------------------------------------------
Proportion of membership of each pre-defined
 population in each of the 3 clusters

Given    Inferred Clusters       Number of
 Pop       1      2      3      Individuals

  1:     0.014  0.017  0.968       17
  2:     0.029  0.945  0.026       80
  3:     0.879  0.036  0.085       54
  4:     0.834  0.012  0.154        4
--------------------------------------------

Allele-freq. divergence among pops (Net nucleotide distance),
computed using point estimates of P.

      1       2       3      
 1      -    0.1592  0.0637  
 2   0.1592     -    0.1728  
 3   0.0637  0.1728     -    

Average distances (expected heterozygosity) between individuals in same cluster:
cluster  1  : 0.6504 
cluster  2  : 0.5501 
cluster  3  : 0.6174 

--------------------------------------------
Estimated Ln Prob of Data   = -2638.8
Mean value of ln likelihood = -2577.5
Variance of ln likelihood   = 122.5
Mean value of alpha         = 0.0403

Mean value of Fst_1         = 0.0966
Mean value of Fst_2         = 0.1912
Mean value of Fst_3         = 0.2048


Inferred ancestry of individuals:
        Label (%Miss) Pop:  Inferred clusters
  1        1    (0)    2 :  0.078 0.910 0.012 
  2       10    (0)    2 :  0.009 0.977 0.014 
  3     1219    (7)    2 :  0.012 0.983 0.005 
  4     1223    (0)    2 :  0.506 0.481 0.013 
  5     1225   (14)    2 :  0.013 0.966 0.021 
  6     1226    (0)    2 :  0.009 0.985 0.006 
  7     1228    (0)    2 :  0.030 0.962 0.008 
  8     1238    (0)    2 :  0.020 0.966 0.014 
  9     1243    (0)    2 :  0.036 0.955 0.009 
 10     1244    (7)    2 :  0.027 0.960 0.013 
 11     1253    (7)    2 :  0.020 0.975 0.005 
 12     1254    (0)    2 :  0.006 0.985 0.009 
 13     1274    (0)    2 :  0.005 0.991 0.005 
 14     1275    (0)    2 :  0.052 0.916 0.032 
 15     1277    (7)    2 :  0.008 0.966 0.026 
 16     1284    (7)    2 :  0.009 0.986 0.005 
 17     1296    (7)    2 :  0.009 0.985 0.006 
 18     1297    (0)    2 :  0.016 0.976 0.008 
 19     1299    (7)    2 :  0.006 0.990 0.005 
 20     1302    (0)    2 :  0.059 0.877 0.063 
 21     1303    (7)    2 :  0.042 0.942 0.015 
 22     1304    (0)    2 :  0.006 0.983 0.012 
 23     1312    (0)    2 :  0.027 0.964 0.009 
 24     1317    (0)    2 :  0.006 0.987 0.006 
 25     1318    (0)    2 :  0.103 0.878 0.020 
 26     1319    (0)    2 :  0.008 0.970 0.021 
 27     1320    (0)    2 :  0.006 0.987 0.008 
 28     1321    (7)    2 :  0.025 0.968 0.008 
 29     1323    (0)    2 :  0.019 0.726 0.254 
 30     1324    (0)    2 :  0.021 0.907 0.072 
 31     1325    (7)    2 :  0.023 0.963 0.014 
 32     1326    (0)    2 :  0.022 0.971 0.007 
 33     1327    (7)    2 :  0.012 0.979 0.009 
 34     1328    (0)    2 :  0.005 0.990 0.005 
 35     1329    (7)    1 :  0.008 0.006 0.987 
 36       15    (0)    3 :  0.974 0.009 0.017 
 37       16    (7)    2 :  0.006 0.982 0.012 
 38       17    (7)    3 :  0.559 0.189 0.252 
 39       19    (7)    3 :  0.988 0.005 0.006 
 40        2    (0)    2 :  0.004 0.991 0.005 
 41       20    (0)    1 :  0.007 0.004 0.988 
 42       21    (0)    2 :  0.021 0.968 0.011 
 43       27    (7)    1 :  0.007 0.013 0.980 
 44       28    (0)    3 :  0.924 0.006 0.070 
 45       29    (7)    2 :  0.006 0.987 0.008 
 46       30    (7)    2 :  0.011 0.950 0.039 
 47       31    (0)    2 :  0.007 0.981 0.011 
 48       32    (7)    2 :  0.007 0.984 0.008 
 49       33    (0)    2 :  0.005 0.986 0.009 
 50       34    (0)    3 :  0.271 0.716 0.013 
 51       36    (0)    3 :  0.381 0.008 0.612 
 52       37    (0)    2 :  0.017 0.965 0.018 
 53       38    (0)    3 :  0.967 0.009 0.024 
 54        4    (7)    2 :  0.009 0.924 0.067 
 55       40    (0)    3 :  0.519 0.021 0.460 
 56       41    (7)    3 :  0.979 0.006 0.015 
 57       42    (0)    3 :  0.064 0.022 0.914 
 58      429    (0)    1 :  0.010 0.015 0.974 
 59       43    (7)    3 :  0.972 0.017 0.011 
 60       44    (7)    3 :  0.986 0.006 0.008 
 61       45    (0)    2 :  0.015 0.977 0.008 
 62      457    (7)    1 :  0.037 0.008 0.955 
 63       46    (0)    2 :  0.009 0.983 0.008 
 64       47    (7)    2 :  0.044 0.460 0.495 
 65      471    (0)    1 :  0.007 0.004 0.989 
 66      479    (0)    1 :  0.023 0.006 0.971 
 67       48    (0)    3 :  0.970 0.007 0.023 
 68       49    (0)    3 :  0.984 0.008 0.008 
 69      494    (0)    1 :  0.020 0.009 0.971 
 70        5    (7)    2 :  0.014 0.979 0.007 
 71       50    (7)    3 :  0.976 0.014 0.010 
 72      505    (7)    1 :  0.024 0.009 0.967 
 73      508    (0)    1 :  0.028 0.053 0.920 
 74       51    (0)    3 :  0.987 0.006 0.006 
 75       52    (7)    3 :  0.952 0.004 0.044 
 76       54    (7)    3 :  0.617 0.311 0.072 
 77       55    (7)    2 :  0.011 0.975 0.014 
 78       56    (0)    2 :  0.005 0.990 0.005 
 79       57    (7)    2 :  0.009 0.982 0.009 
 80       58    (7)    2 :  0.010 0.982 0.008 
 81       59    (7)    2 :  0.010 0.981 0.009 
 82       60    (0)    2 :  0.009 0.984 0.008 
 83      604    (0)    1 :  0.010 0.115 0.875 
 84       61    (0)    3 :  0.920 0.057 0.023 
 85       62    (7)    2 :  0.005 0.991 0.005 
 86       63    (0)    2 :  0.012 0.973 0.015 
 87       64    (0)    2 :  0.185 0.781 0.034 
 88       66    (0)    2 :  0.008 0.941 0.051 
 89       67    (7)    2 :  0.011 0.971 0.018 
 90       68    (0)    2 :  0.016 0.978 0.006 
 91       69    (7)    2 :  0.005 0.986 0.009 
 92      691    (7)    1 :  0.013 0.012 0.975 
 93        7    (7)    3 :  0.976 0.005 0.019 
 94      715    (0)    1 :  0.009 0.005 0.986 
 95      724    (0)    4 :  0.986 0.006 0.008 
 96      755    (0)    4 :  0.423 0.005 0.572 
 97      768    (7)    4 :  0.943 0.029 0.028 
 98        8    (0)    2 :  0.004 0.991 0.005 
 99      806    (0)    4 :  0.984 0.008 0.008 
100      817    (0)    3 :  0.956 0.005 0.039 
101      827    (7)    3 :  0.972 0.017 0.011 
102      828    (0)    3 :  0.980 0.004 0.015 
103      829    (0)    3 :  0.979 0.009 0.012 
104      834    (7)    3 :  0.986 0.006 0.008 
105      845    (0)    3 :  0.940 0.009 0.051 
106      846    (0)    3 :  0.886 0.008 0.106 
107      853    (0)    3 :  0.982 0.010 0.008 
108      864    (7)    3 :  0.973 0.016 0.011 
109      865    (0)    3 :  0.910 0.011 0.079 
110      877    (0)    3 :  0.971 0.006 0.023 
111      884    (7)    3 :  0.980 0.010 0.011 
112      886    (0)    3 :  0.977 0.009 0.015 
113      890    (0)    3 :  0.963 0.029 0.008 
114      894    (0)    1 :  0.011 0.005 0.983 
115        9    (0)    1 :  0.015 0.016 0.969 
116      901    (0)    3 :  0.537 0.062 0.401 
117      911    (7)    3 :  0.896 0.061 0.043 
118      915    (7)    3 :  0.981 0.007 0.013 
119      918    (7)    3 :  0.966 0.009 0.025 
120      920    (7)    3 :  0.977 0.013 0.009 
121      921    (0)    3 :  0.976 0.012 0.012 
122      928    (0)    3 :  0.937 0.012 0.051 
123      929    (7)    3 :  0.853 0.011 0.136 
124      933    (0)    3 :  0.921 0.069 0.010 
125      937    (0)    3 :  0.983 0.010 0.007 
126      951    (7)    3 :  0.472 0.012 0.516 
127      952    (0)    1 :  0.008 0.007 0.986 
128      956    (0)    1 :  0.006 0.006 0.988 
129      957    (7)    3 :  0.971 0.007 0.022 
130      966    (7)    3 :  0.981 0.006 0.012 
131      967    (7)    3 :  0.976 0.010 0.014 
132      968    (7)    3 :  0.929 0.009 0.062 
133      969    (0)    3 :  0.982 0.012 0.006 
134      970    (0)    3 :  0.980 0.006 0.015 
135      974    (0)    3 :  0.891 0.014 0.095 
136      975    (7)    3 :  0.851 0.006 0.143 
137      976    (0)    3 :  0.960 0.028 0.012 
138      978    (0)    2 :  0.125 0.774 0.101 
139      979    (0)    2 :  0.011 0.979 0.011 
140      980    (0)    2 :  0.007 0.988 0.005 
141      981    (7)    2 :  0.027 0.900 0.072 
142      982    (0)    2 :  0.056 0.931 0.013 
143      983    (0)    2 :  0.060 0.877 0.063 
144      984    (0)    2 :  0.015 0.979 0.005 
145      985    (0)    2 :  0.009 0.987 0.004 
146      986    (0)    2 :  0.015 0.942 0.044 
147      987    (7)    2 :  0.011 0.982 0.007 
148      988    (0)    2 :  0.006 0.987 0.007 
149      989    (7)    2 :  0.018 0.974 0.008 
150      990   (14)    2 :  0.007 0.988 0.005 
151      991    (0)    2 :  0.006 0.976 0.018 
152      992    (0)    2 :  0.007 0.983 0.010 
153      993    (7)    2 :  0.013 0.962 0.025 
154      994    (0)    2 :  0.170 0.824 0.006 
155     1322   (14)    2 :  0.015 0.970 0.016 


Estimated Allele Frequencies in each cluster
First column gives estimated ancestral frequencies


Locus 1 : 
21 alleles
1.9% missing data
   1   (0.043) 0.067 0.005 0.004 
   4   (0.053) 0.009 0.481 0.016 
  13   (0.065) 0.051 0.105 0.006 
   7   (0.059) 0.106 0.055 0.006 
  12   (0.127) 0.215 0.073 0.134 
   5   (0.053) 0.066 0.027 0.005 
  17   (0.027) 0.003 0.014 0.002 
   2   (0.056) 0.009 0.067 0.032 
  15   (0.028) 0.003 0.072 0.003 
   3   (0.061) 0.041 0.032 0.027 
  18   (0.058) 0.015 0.017 0.283 
  16   (0.064) 0.013 0.018 0.190 
  11   (0.088) 0.208 0.003 0.269 
  10   (0.033) 0.064 0.001 0.003 
  20   (0.030) 0.028 0.001 0.002 
  22   (0.025) 0.045 0.001 0.002 
  19   (0.028) 0.037 0.001 0.002 
   9   (0.027) 0.003 0.007 0.003 
  21   (0.026) 0.007 0.010 0.004 
   8   (0.021) 0.010 0.001 0.002 
   6   (0.027) 0.003 0.013 0.004 

Locus 2 : 
5 alleles
0.0% missing data
   1   (0.089) 0.025 0.261 0.009 
   2   (0.417) 0.642 0.073 0.625 
   3   (0.269) 0.208 0.552 0.083 
   5   (0.179) 0.121 0.113 0.079 
   4   (0.047) 0.004 0.001 0.204 

Locus 3 : 
6 alleles
0.0% missing data
   6   (0.327) 0.296 0.709 0.167 
   1   (0.131) 0.112 0.126 0.022 
   4   (0.183) 0.393 0.034 0.058 
   3   (0.190) 0.097 0.112 0.417 
   5   (0.135) 0.098 0.012 0.331 
   2   (0.034) 0.003 0.007 0.004 

Locus 4 : 
3 alleles
0.0% missing data
   1   (0.593) 0.613 0.702 0.697 
   2   (0.243) 0.325 0.197 0.059 
   3   (0.164) 0.062 0.101 0.245 

Locus 5 : 
3 alleles
19.0% missing data
   2   (0.593) 0.509 0.835 0.682 
   3   (0.359) 0.453 0.163 0.312 
   1   (0.049) 0.037 0.002 0.005 

Locus 6 : 
10 alleles
0.0% missing data
   2   (0.055) 0.006 0.606 0.005 
   4   (0.164) 0.108 0.205 0.086 
  10   (0.081) 0.007 0.069 0.192 
   1   (0.094) 0.147 0.011 0.015 
   3   (0.336) 0.466 0.102 0.455 
   5   (0.052) 0.098 0.002 0.005 
   6   (0.089) 0.081 0.003 0.092 
   8   (0.042) 0.004 0.001 0.143 
   7   (0.051) 0.072 0.001 0.004 
   9   (0.036) 0.011 0.001 0.003 

Locus 7 : 
8 alleles
0.0% missing data
   5   (0.099) 0.009 0.439 0.188 
   8   (0.091) 0.033 0.083 0.029 
   1   (0.188) 0.336 0.137 0.035 
   4   (0.132) 0.078 0.178 0.033 
   6   (0.337) 0.483 0.152 0.480 
   3   (0.035) 0.004 0.006 0.004 
   2   (0.084) 0.053 0.002 0.218 
   7   (0.035) 0.003 0.003 0.015 

Values of parameters used in structure:
DATAFILE=../thrush,	OUTFILE=outfile,	NUMINDS=155,	NUMLOCI=7,	MISSING=-9,	LABEL=1,	POPDATA=1,	POPFLAG=0,	PHENOTYPE=0,	EXTRACOLS=0,	MAXPOPS=3,	BURNIN=100000,	NUMREPS=10000,	USEPOPINFO=0,	INFERALPHA=1,	INFERLAMBDA=0,	POPSPECIFICLAMBDA=0,	POPALPHAS=0,	COMPUTEPROB=1,	NOADMIX=0,	ADMBURNIN=0,	UPDATEFREQ=100,	PRINTLIKES=0,	INTERMEDSAVE=0,	PRINTKLD=0,	PRINTNET=1,	PRINTLAMBDA=1,	ANCESTDIST=0,	NUMBOXES=1000,	ANCESTPINT=0.90000,	GENSBACK=2,	MIGRPRIOR=0.01000,	PRINTQHAT=0,	PRINTQSUM=1,	ALPHA=1.0000,	FREQSCORR=1,	FPRIORMEAN=0.0100,	FPRIORSD=0.0500,	ONEFST=0,	LAMBDA=1.0000,	UNIFPRIORALPHA=1,	ALPHAMAX=10.0000,	ALPHAPRIORA=1.0000,	ALPHAPRIORB=2.0000,	ALPHAPROPSD=0.0250,	STARTATPOPINFO=0,	RANDOMIZE=1,	LINKAGE=0,	METROFREQ=10,	REPORTHITRATE=0,	MARKOVPHASE=0,	PHASED=0,	PLOIDY=2,	PHASEINFO=0	LOCPRIOR=0, 	LOCPRIORINIT=1.000000, 	LOCDATA=0, 	LOCISPOP=0, 	LOCPRIORSTEP=0.100000, 	MAXLOCPRIOR=20.000000, 	SEED=1481534544,	
[STRAT parameters]:    NUMSIMSTATS=1000,	PHENOTYPECOL=-9,	POOLFREQ=10,	LOCUSxONLY=0,	EMERROR=0.00100,	MISSINGPHENO=-9,	