

----------------------------------------------------
STRUCTURE by Pritchard, Stephens and Donnelly (2000)
     and Falush, Stephens and Pritchard (2003)
       Code by Pritchard, Falush and Hubisz
             Version 2.3.4 (Jul 2012)
----------------------------------------------------



Command line arguments:   ./structure -i ../thrush 
Input File:    ../thrush

Run parameters:
   155 individuals
   7 loci
   3 populations assumed
   10000 Burn-in period
   1000 Reps


--------------------------------------------
Proportion of membership of each pre-defined
 population in each of the 3 clusters

Given    Inferred Clusters       Number of
 Pop       1      2      3      Individuals

  1:     0.016  0.012  0.972       17
  2:     0.954  0.024  0.023       80
  3:     0.031  0.890  0.079       54
  4:     0.007  0.846  0.147        4
--------------------------------------------

Allele-freq. divergence among pops (Net nucleotide distance),
computed using point estimates of P.

      1       2       3      
 1      -    0.1565  0.1718  
 2   0.1565     -    0.0641  
 3   0.1718  0.0641     -    

Average distances (expected heterozygosity) between individuals in same cluster:
cluster  1  : 0.5527 
cluster  2  : 0.6525 
cluster  3  : 0.6149 

--------------------------------------------
Estimated Ln Prob of Data   = -2638.5
Mean value of ln likelihood = -2578.4
Variance of ln likelihood   = 120.2
Mean value of alpha         = 0.0339

Mean value of Fst_1         = 0.1876
Mean value of Fst_2         = 0.0980
Mean value of Fst_3         = 0.2174


Inferred ancestry of individuals:
        Label (%Miss) Pop:  Inferred clusters
  1        1    (0)    2 :  0.955 0.036 0.009 
  2       10    (0)    2 :  0.972 0.012 0.015 
  3     1219    (7)    2 :  0.986 0.012 0.003 
  4     1223    (0)    2 :  0.476 0.517 0.008 
  5     1225   (14)    2 :  0.976 0.016 0.009 
  6     1226    (0)    2 :  0.990 0.006 0.004 
  7     1228    (0)    2 :  0.960 0.035 0.005 
  8     1238    (0)    2 :  0.971 0.020 0.010 
  9     1243    (0)    2 :  0.940 0.052 0.008 
 10     1244    (7)    2 :  0.967 0.025 0.008 
 11     1253    (7)    2 :  0.977 0.016 0.007 
 12     1254    (0)    2 :  0.986 0.005 0.009 
 13     1274    (0)    2 :  0.991 0.004 0.005 
 14     1275    (0)    2 :  0.954 0.021 0.025 
 15     1277    (7)    2 :  0.974 0.006 0.020 
 16     1284    (7)    2 :  0.990 0.006 0.005 
 17     1296    (7)    2 :  0.988 0.006 0.005 
 18     1297    (0)    2 :  0.977 0.019 0.004 
 19     1299    (7)    2 :  0.990 0.006 0.004 
 20     1302    (0)    2 :  0.870 0.063 0.067 
 21     1303    (7)    2 :  0.930 0.051 0.019 
 22     1304    (0)    2 :  0.980 0.008 0.012 
 23     1312    (0)    2 :  0.967 0.028 0.005 
 24     1317    (0)    2 :  0.992 0.003 0.005 
 25     1318    (0)    2 :  0.900 0.089 0.012 
 26     1319    (0)    2 :  0.983 0.004 0.014 
 27     1320    (0)    2 :  0.988 0.004 0.009 
 28     1321    (7)    2 :  0.981 0.014 0.005 
 29     1323    (0)    2 :  0.705 0.015 0.280 
 30     1324    (0)    2 :  0.924 0.024 0.052 
 31     1325    (7)    2 :  0.985 0.009 0.007 
 32     1326    (0)    2 :  0.968 0.025 0.007 
 33     1327    (7)    2 :  0.984 0.005 0.010 
 34     1328    (0)    2 :  0.988 0.005 0.007 
 35     1329    (7)    1 :  0.004 0.004 0.992 
 36       15    (0)    3 :  0.008 0.983 0.009 
 37       16    (7)    2 :  0.987 0.005 0.008 
 38       17    (7)    3 :  0.133 0.625 0.243 
 39       19    (7)    3 :  0.006 0.989 0.006 
 40        2    (0)    2 :  0.993 0.004 0.004 
 41       20    (0)    1 :  0.004 0.004 0.992 
 42       21    (0)    2 :  0.971 0.014 0.015 
 43       27    (7)    1 :  0.017 0.004 0.979 
 44       28    (0)    3 :  0.007 0.932 0.061 
 45       29    (7)    2 :  0.989 0.005 0.006 
 46       30    (7)    2 :  0.953 0.010 0.037 
 47       31    (0)    2 :  0.980 0.009 0.011 
 48       32    (7)    2 :  0.989 0.005 0.005 
 49       33    (0)    2 :  0.992 0.004 0.004 
 50       34    (0)    3 :  0.586 0.399 0.015 
 51       36    (0)    3 :  0.014 0.265 0.720 
 52       37    (0)    2 :  0.982 0.009 0.010 
 53       38    (0)    3 :  0.008 0.976 0.016 
 54        4    (7)    2 :  0.945 0.005 0.049 
 55       40    (0)    3 :  0.015 0.572 0.413 
 56       41    (7)    3 :  0.005 0.976 0.019 
 57       42    (0)    3 :  0.046 0.079 0.875 
 58      429    (0)    1 :  0.013 0.011 0.975 
 59       43    (7)    3 :  0.006 0.985 0.010 
 60       44    (7)    3 :  0.005 0.991 0.004 
 61       45    (0)    2 :  0.989 0.006 0.005 
 62      457    (7)    1 :  0.009 0.042 0.949 
 63       46    (0)    2 :  0.987 0.008 0.006 
 64       47    (7)    2 :  0.511 0.016 0.473 
 65      471    (0)    1 :  0.008 0.006 0.986 
 66      479    (0)    1 :  0.009 0.016 0.975 
 67       48    (0)    3 :  0.006 0.984 0.009 
 68       49    (0)    3 :  0.005 0.991 0.004 
 69      494    (0)    1 :  0.005 0.015 0.980 
 70        5    (7)    2 :  0.982 0.010 0.008 
 71       50    (7)    3 :  0.012 0.983 0.005 
 72      505    (7)    1 :  0.008 0.014 0.977 
 73      508    (0)    1 :  0.068 0.024 0.908 
 74       51    (0)    3 :  0.005 0.990 0.006 
 75       52    (7)    3 :  0.005 0.974 0.021 
 76       54    (7)    3 :  0.235 0.739 0.025 
 77       55    (7)    2 :  0.965 0.008 0.027 
 78       56    (0)    2 :  0.994 0.003 0.003 
 79       57    (7)    2 :  0.987 0.008 0.006 
 80       58    (7)    2 :  0.988 0.006 0.007 
 81       59    (7)    2 :  0.980 0.013 0.007 
 82       60    (0)    2 :  0.987 0.006 0.006 
 83      604    (0)    1 :  0.072 0.011 0.916 
 84       61    (0)    3 :  0.031 0.940 0.028 
 85       62    (7)    2 :  0.993 0.002 0.004 
 86       63    (0)    2 :  0.973 0.010 0.017 
 87       64    (0)    2 :  0.861 0.130 0.008 
 88       66    (0)    2 :  0.969 0.003 0.027 
 89       67    (7)    2 :  0.976 0.009 0.015 
 90       68    (0)    2 :  0.981 0.014 0.006 
 91       69    (7)    2 :  0.986 0.006 0.008 
 92      691    (7)    1 :  0.006 0.006 0.988 
 93        7    (7)    3 :  0.004 0.984 0.012 
 94      715    (0)    1 :  0.005 0.006 0.989 
 95      724    (0)    4 :  0.004 0.989 0.007 
 96      755    (0)    4 :  0.007 0.440 0.553 
 97      768    (7)    4 :  0.012 0.964 0.023 
 98        8    (0)    2 :  0.994 0.003 0.003 
 99      806    (0)    4 :  0.006 0.989 0.005 
100      817    (0)    3 :  0.004 0.968 0.027 
101      827    (7)    3 :  0.014 0.974 0.011 
102      828    (0)    3 :  0.004 0.985 0.011 
103      829    (0)    3 :  0.008 0.979 0.012 
104      834    (7)    3 :  0.005 0.990 0.005 
105      845    (0)    3 :  0.006 0.909 0.085 
106      846    (0)    3 :  0.009 0.794 0.197 
107      853    (0)    3 :  0.010 0.984 0.006 
108      864    (7)    3 :  0.024 0.963 0.013 
109      865    (0)    3 :  0.012 0.947 0.042 
110      877    (0)    3 :  0.005 0.983 0.012 
111      884    (7)    3 :  0.010 0.978 0.012 
112      886    (0)    3 :  0.013 0.971 0.016 
113      890    (0)    3 :  0.041 0.956 0.003 
114      894    (0)    1 :  0.006 0.008 0.986 
115        9    (0)    1 :  0.025 0.011 0.964 
116      901    (0)    3 :  0.102 0.675 0.223 
117      911    (7)    3 :  0.052 0.933 0.014 
118      915    (7)    3 :  0.006 0.982 0.012 
119      918    (7)    3 :  0.009 0.970 0.021 
120      920    (7)    3 :  0.009 0.982 0.009 
121      921    (0)    3 :  0.005 0.985 0.009 
122      928    (0)    3 :  0.015 0.946 0.038 
123      929    (7)    3 :  0.008 0.843 0.148 
124      933    (0)    3 :  0.036 0.955 0.009 
125      937    (0)    3 :  0.021 0.971 0.008 
126      951    (7)    3 :  0.018 0.479 0.503 
127      952    (0)    1 :  0.005 0.006 0.989 
128      956    (0)    1 :  0.006 0.009 0.985 
129      957    (7)    3 :  0.007 0.973 0.021 
130      966    (7)    3 :  0.007 0.988 0.005 
131      967    (7)    3 :  0.012 0.982 0.006 
132      968    (7)    3 :  0.006 0.948 0.047 
133      969    (0)    3 :  0.011 0.983 0.005 
134      970    (0)    3 :  0.005 0.989 0.006 
135      974    (0)    3 :  0.008 0.906 0.085 
136      975    (7)    3 :  0.005 0.849 0.146 
137      976    (0)    3 :  0.019 0.974 0.008 
138      978    (0)    2 :  0.831 0.068 0.100 
139      979    (0)    2 :  0.983 0.011 0.006 
140      980    (0)    2 :  0.991 0.005 0.004 
141      981    (7)    2 :  0.922 0.025 0.052 
142      982    (0)    2 :  0.952 0.040 0.008 
143      983    (0)    2 :  0.914 0.027 0.058 
144      984    (0)    2 :  0.976 0.020 0.004 
145      985    (0)    2 :  0.989 0.006 0.004 
146      986    (0)    2 :  0.964 0.018 0.018 
147      987    (7)    2 :  0.988 0.007 0.005 
148      988    (0)    2 :  0.991 0.005 0.005 
149      989    (7)    2 :  0.977 0.015 0.009 
150      990   (14)    2 :  0.987 0.008 0.005 
151      991    (0)    2 :  0.976 0.006 0.018 
152      992    (0)    2 :  0.981 0.008 0.011 
153      993    (7)    2 :  0.966 0.006 0.028 
154      994    (0)    2 :  0.870 0.121 0.009 
155     1322   (14)    2 :  0.975 0.010 0.015 


Estimated Allele Frequencies in each cluster
First column gives estimated ancestral frequencies


Locus 1 : 
21 alleles
1.9% missing data
   1   (0.059) 0.007 0.068 0.005 
   4   (0.051) 0.475 0.011 0.019 
  13   (0.044) 0.104 0.047 0.004 
   7   (0.057) 0.055 0.106 0.005 
  12   (0.125) 0.073 0.214 0.134 
   5   (0.062) 0.027 0.068 0.005 
  17   (0.028) 0.013 0.002 0.002 
   2   (0.050) 0.065 0.010 0.027 
  15   (0.037) 0.073 0.003 0.003 
   3   (0.096) 0.033 0.044 0.032 
  18   (0.070) 0.020 0.016 0.283 
  16   (0.043) 0.019 0.010 0.188 
  11   (0.063) 0.002 0.207 0.273 
  10   (0.050) 0.002 0.066 0.004 
  20   (0.012) 0.000 0.028 0.001 
  22   (0.038) 0.001 0.046 0.003 
  19   (0.019) 0.001 0.036 0.002 
   9   (0.026) 0.007 0.002 0.002 
  21   (0.015) 0.011 0.004 0.001 
   8   (0.025) 0.001 0.010 0.002 
   6   (0.031) 0.013 0.003 0.004 

Locus 2 : 
5 alleles
0.0% missing data
   1   (0.101) 0.259 0.029 0.009 
   2   (0.413) 0.076 0.638 0.632 
   3   (0.247) 0.550 0.207 0.071 
   5   (0.189) 0.113 0.122 0.079 
   4   (0.049) 0.001 0.004 0.209 

Locus 3 : 
6 alleles
0.0% missing data
   6   (0.311) 0.708 0.296 0.169 
   1   (0.129) 0.124 0.111 0.019 
   4   (0.196) 0.034 0.386 0.067 
   3   (0.192) 0.113 0.098 0.421 
   5   (0.137) 0.014 0.105 0.321 
   2   (0.036) 0.006 0.003 0.003 

Locus 4 : 
3 alleles
0.0% missing data
   1   (0.594) 0.703 0.610 0.701 
   2   (0.244) 0.195 0.326 0.058 
   3   (0.161) 0.102 0.064 0.241 

Locus 5 : 
3 alleles
19.0% missing data
   2   (0.595) 0.830 0.511 0.686 
   3   (0.350) 0.168 0.449 0.310 
   1   (0.055) 0.002 0.039 0.004 

Locus 6 : 
10 alleles
0.0% missing data
   2   (0.068) 0.603 0.007 0.007 
   4   (0.145) 0.207 0.103 0.083 
  10   (0.067) 0.068 0.006 0.200 
   1   (0.106) 0.010 0.148 0.012 
   3   (0.323) 0.103 0.463 0.451 
   5   (0.055) 0.002 0.100 0.004 
   6   (0.109) 0.003 0.086 0.092 
   8   (0.055) 0.002 0.005 0.147 
   7   (0.043) 0.001 0.071 0.003 
   9   (0.029) 0.001 0.011 0.002 

Locus 7 : 
8 alleles
0.0% missing data
   5   (0.119) 0.437 0.010 0.197 
   8   (0.098) 0.084 0.033 0.026 
   1   (0.186) 0.137 0.341 0.032 
   4   (0.135) 0.180 0.077 0.030 
   6   (0.316) 0.151 0.480 0.478 
   3   (0.030) 0.006 0.003 0.002 
   2   (0.075) 0.002 0.052 0.220 
   7   (0.041) 0.003 0.003 0.016 

Values of parameters used in structure:
DATAFILE=../thrush,	OUTFILE=outfile,	NUMINDS=155,	NUMLOCI=7,	MISSING=-9,	LABEL=1,	POPDATA=1,	POPFLAG=0,	PHENOTYPE=0,	EXTRACOLS=0,	MAXPOPS=3,	BURNIN=10000,	NUMREPS=1000,	USEPOPINFO=0,	INFERALPHA=1,	INFERLAMBDA=0,	POPSPECIFICLAMBDA=0,	POPALPHAS=0,	COMPUTEPROB=1,	NOADMIX=0,	ADMBURNIN=0,	UPDATEFREQ=100,	PRINTLIKES=0,	INTERMEDSAVE=0,	PRINTKLD=0,	PRINTNET=1,	PRINTLAMBDA=1,	ANCESTDIST=0,	NUMBOXES=1000,	ANCESTPINT=0.90000,	GENSBACK=2,	MIGRPRIOR=0.01000,	PRINTQHAT=0,	PRINTQSUM=1,	ALPHA=1.0000,	FREQSCORR=1,	FPRIORMEAN=0.0100,	FPRIORSD=0.0500,	ONEFST=0,	LAMBDA=1.0000,	UNIFPRIORALPHA=1,	ALPHAMAX=10.0000,	ALPHAPRIORA=1.0000,	ALPHAPRIORB=2.0000,	ALPHAPROPSD=0.0250,	STARTATPOPINFO=0,	RANDOMIZE=1,	LINKAGE=0,	METROFREQ=10,	REPORTHITRATE=0,	MARKOVPHASE=0,	PHASED=0,	PLOIDY=2,	PHASEINFO=0	LOCPRIOR=0, 	LOCPRIORINIT=1.000000, 	LOCDATA=0, 	LOCISPOP=0, 	LOCPRIORSTEP=0.100000, 	MAXLOCPRIOR=20.000000, 	SEED=1481534350,	
[STRAT parameters]:    NUMSIMSTATS=1000,	PHENOTYPECOL=-9,	POOLFREQ=10,	LOCUSxONLY=0,	EMERROR=0.00100,	MISSINGPHENO=-9,	