

----------------------------------------------------
STRUCTURE by Pritchard, Stephens and Donnelly (2000)
     and Falush, Stephens and Pritchard (2003)
       Code by Pritchard, Falush and Hubisz
             Version 2.3.4 (Jul 2012)
----------------------------------------------------



Command line arguments:   ./structure -i ../thrush 
Input File:    ../thrush

Run parameters:
   155 individuals
   7 loci
   3 populations assumed
   100000 Burn-in period
   100000 Reps


--------------------------------------------
Proportion of membership of each pre-defined
 population in each of the 3 clusters

Given    Inferred Clusters       Number of
 Pop       1      2      3      Individuals

  1:     0.015  0.018  0.967       17
  2:     0.029  0.945  0.026       80
  3:     0.883  0.036  0.081       54
  4:     0.821  0.013  0.166        4
--------------------------------------------

Allele-freq. divergence among pops (Net nucleotide distance),
computed using point estimates of P.

      1       2       3      
 1      -    0.1590  0.0645  
 2   0.1590     -    0.1743  
 3   0.0645  0.1743     -    

Average distances (expected heterozygosity) between individuals in same cluster:
cluster  1  : 0.6507 
cluster  2  : 0.5502 
cluster  3  : 0.6167 

--------------------------------------------
Estimated Ln Prob of Data   = -2637.3
Mean value of ln likelihood = -2576.8
Variance of ln likelihood   = 121.0
Mean value of alpha         = 0.0413

Mean value of Fst_1         = 0.0997
Mean value of Fst_2         = 0.1915
Mean value of Fst_3         = 0.2149


Inferred ancestry of individuals:
        Label (%Miss) Pop:  Inferred clusters
  1        1    (0)    2 :  0.075 0.910 0.014 
  2       10    (0)    2 :  0.010 0.974 0.016 
  3     1219    (7)    2 :  0.014 0.981 0.005 
  4     1223    (0)    2 :  0.529 0.459 0.012 
  5     1225   (14)    2 :  0.014 0.967 0.020 
  6     1226    (0)    2 :  0.010 0.983 0.007 
  7     1228    (0)    2 :  0.033 0.960 0.007 
  8     1238    (0)    2 :  0.020 0.965 0.015 
  9     1243    (0)    2 :  0.033 0.956 0.010 
 10     1244    (7)    2 :  0.034 0.954 0.013 
 11     1253    (7)    2 :  0.021 0.974 0.005 
 12     1254    (0)    2 :  0.007 0.984 0.009 
 13     1274    (0)    2 :  0.005 0.990 0.005 
 14     1275    (0)    2 :  0.054 0.917 0.029 
 15     1277    (7)    2 :  0.009 0.967 0.024 
 16     1284    (7)    2 :  0.009 0.986 0.005 
 17     1296    (7)    2 :  0.009 0.984 0.007 
 18     1297    (0)    2 :  0.018 0.973 0.008 
 19     1299    (7)    2 :  0.007 0.988 0.005 
 20     1302    (0)    2 :  0.063 0.877 0.060 
 21     1303    (7)    2 :  0.046 0.940 0.015 
 22     1304    (0)    2 :  0.006 0.982 0.012 
 23     1312    (0)    2 :  0.029 0.961 0.010 
 24     1317    (0)    2 :  0.007 0.987 0.006 
 25     1318    (0)    2 :  0.093 0.890 0.017 
 26     1319    (0)    2 :  0.009 0.968 0.024 
 27     1320    (0)    2 :  0.005 0.987 0.008 
 28     1321    (7)    2 :  0.025 0.966 0.009 
 29     1323    (0)    2 :  0.018 0.728 0.254 
 30     1324    (0)    2 :  0.025 0.896 0.079 
 31     1325    (7)    2 :  0.019 0.964 0.017 
 32     1326    (0)    2 :  0.024 0.968 0.008 
 33     1327    (7)    2 :  0.013 0.980 0.008 
 34     1328    (0)    2 :  0.005 0.990 0.005 
 35     1329    (7)    1 :  0.008 0.005 0.986 
 36       15    (0)    3 :  0.972 0.010 0.018 
 37       16    (7)    2 :  0.006 0.983 0.011 
 38       17    (7)    3 :  0.636 0.179 0.185 
 39       19    (7)    3 :  0.987 0.005 0.007 
 40        2    (0)    2 :  0.005 0.991 0.005 
 41       20    (0)    1 :  0.007 0.004 0.989 
 42       21    (0)    2 :  0.020 0.968 0.012 
 43       27    (7)    1 :  0.008 0.018 0.974 
 44       28    (0)    3 :  0.909 0.006 0.085 
 45       29    (7)    2 :  0.006 0.987 0.007 
 46       30    (7)    2 :  0.016 0.946 0.038 
 47       31    (0)    2 :  0.007 0.983 0.010 
 48       32    (7)    2 :  0.009 0.984 0.007 
 49       33    (0)    2 :  0.006 0.986 0.008 
 50       34    (0)    3 :  0.303 0.686 0.011 
 51       36    (0)    3 :  0.408 0.009 0.583 
 52       37    (0)    2 :  0.018 0.964 0.018 
 53       38    (0)    3 :  0.968 0.010 0.022 
 54        4    (7)    2 :  0.009 0.913 0.078 
 55       40    (0)    3 :  0.575 0.023 0.402 
 56       41    (7)    3 :  0.976 0.007 0.017 
 57       42    (0)    3 :  0.065 0.026 0.909 
 58      429    (0)    1 :  0.011 0.016 0.972 
 59       43    (7)    3 :  0.968 0.018 0.014 
 60       44    (7)    3 :  0.986 0.006 0.008 
 61       45    (0)    2 :  0.014 0.979 0.008 
 62      457    (7)    1 :  0.046 0.007 0.947 
 63       46    (0)    2 :  0.010 0.983 0.007 
 64       47    (7)    2 :  0.043 0.492 0.465 
 65      471    (0)    1 :  0.009 0.005 0.986 
 66      479    (0)    1 :  0.026 0.007 0.968 
 67       48    (0)    3 :  0.973 0.007 0.019 
 68       49    (0)    3 :  0.985 0.008 0.008 
 69      494    (0)    1 :  0.019 0.010 0.971 
 70        5    (7)    2 :  0.012 0.981 0.008 
 71       50    (7)    3 :  0.978 0.013 0.009 
 72      505    (7)    1 :  0.020 0.009 0.971 
 73      508    (0)    1 :  0.027 0.056 0.917 
 74       51    (0)    3 :  0.987 0.006 0.007 
 75       52    (7)    3 :  0.955 0.005 0.040 
 76       54    (7)    3 :  0.658 0.300 0.041 
 77       55    (7)    2 :  0.010 0.974 0.016 
 78       56    (0)    2 :  0.005 0.990 0.005 
 79       57    (7)    2 :  0.008 0.985 0.007 
 80       58    (7)    2 :  0.008 0.984 0.008 
 81       59    (7)    2 :  0.011 0.979 0.010 
 82       60    (0)    2 :  0.008 0.984 0.008 
 83      604    (0)    1 :  0.011 0.121 0.868 
 84       61    (0)    3 :  0.923 0.056 0.021 
 85       62    (7)    2 :  0.005 0.990 0.005 
 86       63    (0)    2 :  0.011 0.974 0.015 
 87       64    (0)    2 :  0.158 0.781 0.061 
 88       66    (0)    2 :  0.008 0.937 0.055 
 89       67    (7)    2 :  0.011 0.969 0.020 
 90       68    (0)    2 :  0.018 0.975 0.007 
 91       69    (7)    2 :  0.006 0.986 0.008 
 92      691    (7)    1 :  0.012 0.013 0.976 
 93        7    (7)    3 :  0.977 0.005 0.018 
 94      715    (0)    1 :  0.008 0.005 0.987 
 95      724    (0)    4 :  0.987 0.005 0.008 
 96      755    (0)    4 :  0.392 0.006 0.602 
 97      768    (7)    4 :  0.922 0.033 0.045 
 98        8    (0)    2 :  0.005 0.990 0.005 
 99      806    (0)    4 :  0.984 0.007 0.009 
100      817    (0)    3 :  0.965 0.005 0.030 
101      827    (7)    3 :  0.972 0.017 0.011 
102      828    (0)    3 :  0.977 0.004 0.018 
103      829    (0)    3 :  0.979 0.009 0.012 
104      834    (7)    3 :  0.984 0.006 0.010 
105      845    (0)    3 :  0.921 0.010 0.068 
106      846    (0)    3 :  0.873 0.008 0.119 
107      853    (0)    3 :  0.984 0.009 0.007 
108      864    (7)    3 :  0.971 0.018 0.011 
109      865    (0)    3 :  0.911 0.011 0.078 
110      877    (0)    3 :  0.968 0.007 0.025 
111      884    (7)    3 :  0.977 0.011 0.012 
112      886    (0)    3 :  0.977 0.011 0.012 
113      890    (0)    3 :  0.964 0.028 0.008 
114      894    (0)    1 :  0.011 0.006 0.984 
115        9    (0)    1 :  0.015 0.017 0.968 
116      901    (0)    3 :  0.600 0.073 0.327 
117      911    (7)    3 :  0.899 0.066 0.035 
118      915    (7)    3 :  0.982 0.007 0.012 
119      918    (7)    3 :  0.968 0.008 0.023 
120      920    (7)    3 :  0.975 0.014 0.011 
121      921    (0)    3 :  0.973 0.014 0.013 
122      928    (0)    3 :  0.931 0.015 0.054 
123      929    (7)    3 :  0.844 0.011 0.145 
124      933    (0)    3 :  0.916 0.072 0.011 
125      937    (0)    3 :  0.983 0.011 0.007 
126      951    (7)    3 :  0.460 0.016 0.524 
127      952    (0)    1 :  0.007 0.007 0.986 
128      956    (0)    1 :  0.007 0.007 0.986 
129      957    (7)    3 :  0.969 0.008 0.023 
130      966    (7)    3 :  0.983 0.007 0.010 
131      967    (7)    3 :  0.977 0.009 0.014 
132      968    (7)    3 :  0.944 0.009 0.047 
133      969    (0)    3 :  0.979 0.015 0.006 
134      970    (0)    3 :  0.979 0.006 0.016 
135      974    (0)    3 :  0.878 0.016 0.106 
136      975    (7)    3 :  0.870 0.007 0.123 
137      976    (0)    3 :  0.951 0.037 0.012 
138      978    (0)    2 :  0.121 0.774 0.105 
139      979    (0)    2 :  0.011 0.979 0.009 
140      980    (0)    2 :  0.007 0.987 0.006 
141      981    (7)    2 :  0.036 0.890 0.074 
142      982    (0)    2 :  0.047 0.940 0.014 
143      983    (0)    2 :  0.054 0.890 0.056 
144      984    (0)    2 :  0.013 0.981 0.006 
145      985    (0)    2 :  0.009 0.986 0.005 
146      986    (0)    2 :  0.017 0.947 0.037 
147      987    (7)    2 :  0.012 0.982 0.006 
148      988    (0)    2 :  0.006 0.987 0.007 
149      989    (7)    2 :  0.019 0.972 0.009 
150      990   (14)    2 :  0.008 0.986 0.006 
151      991    (0)    2 :  0.007 0.975 0.018 
152      992    (0)    2 :  0.008 0.980 0.012 
153      993    (7)    2 :  0.010 0.969 0.021 
154      994    (0)    2 :  0.178 0.816 0.006 
155     1322   (14)    2 :  0.018 0.964 0.018 


Estimated Allele Frequencies in each cluster
First column gives estimated ancestral frequencies


Locus 1 : 
21 alleles
1.9% missing data
   1   (0.045) 0.067 0.005 0.004 
   4   (0.050) 0.009 0.481 0.014 
  13   (0.059) 0.049 0.104 0.006 
   7   (0.068) 0.107 0.055 0.006 
  12   (0.114) 0.215 0.072 0.132 
   5   (0.056) 0.066 0.027 0.005 
  17   (0.027) 0.002 0.013 0.002 
   2   (0.052) 0.009 0.067 0.030 
  15   (0.032) 0.003 0.072 0.003 
   3   (0.069) 0.041 0.032 0.029 
  18   (0.058) 0.014 0.017 0.286 
  16   (0.057) 0.012 0.018 0.193 
  11   (0.073) 0.208 0.002 0.267 
  10   (0.036) 0.064 0.001 0.003 
  20   (0.029) 0.028 0.001 0.002 
  22   (0.036) 0.046 0.001 0.003 
  19   (0.031) 0.037 0.001 0.003 
   9   (0.027) 0.002 0.007 0.002 
  21   (0.027) 0.006 0.010 0.005 
   8   (0.026) 0.011 0.001 0.002 
   6   (0.027) 0.002 0.013 0.003 

Locus 2 : 
5 alleles
0.0% missing data
   1   (0.094) 0.026 0.260 0.009 
   2   (0.407) 0.642 0.073 0.625 
   3   (0.269) 0.208 0.552 0.078 
   5   (0.183) 0.120 0.113 0.081 
   4   (0.047) 0.004 0.001 0.207 

Locus 3 : 
6 alleles
0.0% missing data
   6   (0.325) 0.294 0.710 0.167 
   1   (0.129) 0.112 0.126 0.019 
   4   (0.182) 0.391 0.034 0.060 
   3   (0.192) 0.097 0.112 0.421 
   5   (0.136) 0.102 0.012 0.329 
   2   (0.036) 0.003 0.007 0.004 

Locus 4 : 
3 alleles
0.0% missing data
   1   (0.595) 0.614 0.701 0.696 
   2   (0.241) 0.325 0.197 0.057 
   3   (0.164) 0.062 0.102 0.247 

Locus 5 : 
3 alleles
19.0% missing data
   2   (0.590) 0.511 0.834 0.677 
   3   (0.360) 0.451 0.164 0.318 
   1   (0.050) 0.037 0.002 0.005 

Locus 6 : 
10 alleles
0.0% missing data
   2   (0.062) 0.007 0.606 0.006 
   4   (0.172) 0.108 0.206 0.084 
  10   (0.081) 0.007 0.069 0.196 
   1   (0.090) 0.148 0.010 0.013 
   3   (0.320) 0.463 0.102 0.453 
   5   (0.055) 0.098 0.002 0.004 
   6   (0.088) 0.082 0.003 0.092 
   8   (0.042) 0.004 0.001 0.145 
   7   (0.054) 0.072 0.002 0.005 
   9   (0.035) 0.011 0.001 0.003 

Locus 7 : 
8 alleles
0.0% missing data
   5   (0.101) 0.009 0.439 0.190 
   8   (0.094) 0.033 0.083 0.027 
   1   (0.181) 0.339 0.137 0.029 
   4   (0.132) 0.077 0.179 0.033 
   6   (0.335) 0.482 0.151 0.483 
   3   (0.035) 0.004 0.006 0.003 
   2   (0.085) 0.053 0.002 0.221 
   7   (0.036) 0.003 0.003 0.015 

Values of parameters used in structure:
DATAFILE=../thrush,	OUTFILE=outfile,	NUMINDS=155,	NUMLOCI=7,	MISSING=-9,	LABEL=1,	POPDATA=1,	POPFLAG=0,	PHENOTYPE=0,	EXTRACOLS=0,	MAXPOPS=3,	BURNIN=100000,	NUMREPS=100000,	USEPOPINFO=0,	INFERALPHA=1,	INFERLAMBDA=0,	POPSPECIFICLAMBDA=0,	POPALPHAS=0,	COMPUTEPROB=1,	NOADMIX=0,	ADMBURNIN=0,	UPDATEFREQ=100,	PRINTLIKES=0,	INTERMEDSAVE=0,	PRINTKLD=0,	PRINTNET=1,	PRINTLAMBDA=1,	ANCESTDIST=0,	NUMBOXES=1000,	ANCESTPINT=0.90000,	GENSBACK=2,	MIGRPRIOR=0.01000,	PRINTQHAT=0,	PRINTQSUM=1,	ALPHA=1.0000,	FREQSCORR=1,	FPRIORMEAN=0.0100,	FPRIORSD=0.0500,	ONEFST=0,	LAMBDA=1.0000,	UNIFPRIORALPHA=1,	ALPHAMAX=10.0000,	ALPHAPRIORA=1.0000,	ALPHAPRIORB=2.0000,	ALPHAPROPSD=0.0250,	STARTATPOPINFO=0,	RANDOMIZE=1,	LINKAGE=0,	METROFREQ=10,	REPORTHITRATE=0,	MARKOVPHASE=0,	PHASED=0,	PLOIDY=2,	PHASEINFO=0	LOCPRIOR=0, 	LOCPRIORINIT=1.000000, 	LOCDATA=0, 	LOCISPOP=0, 	LOCPRIORSTEP=0.100000, 	MAXLOCPRIOR=20.000000, 	SEED=1481563486,	
[STRAT parameters]:    NUMSIMSTATS=1000,	PHENOTYPECOL=-9,	POOLFREQ=10,	LOCUSxONLY=0,	EMERROR=0.00100,	MISSINGPHENO=-9,	