

----------------------------------------------------
STRUCTURE by Pritchard, Stephens and Donnelly (2000)
     and Falush, Stephens and Pritchard (2003)
       Code by Pritchard, Falush and Hubisz
             Version 2.3.4 (Jul 2012)
----------------------------------------------------



Command line arguments:   ./structure -i ../thrush 
Input File:    ../thrush

Run parameters:
   155 individuals
   7 loci
   3 populations assumed
   100000 Burn-in period
   10000 Reps


--------------------------------------------
Proportion of membership of each pre-defined
 population in each of the 3 clusters

Given    Inferred Clusters       Number of
 Pop       1      2      3      Individuals

  1:     0.015  0.968  0.017       17
  2:     0.027  0.023  0.949       80
  3:     0.885  0.079  0.037       54
  4:     0.833  0.155  0.013        4
--------------------------------------------

Allele-freq. divergence among pops (Net nucleotide distance),
computed using point estimates of P.

      1       2       3      
 1      -    0.0650  0.1583  
 2   0.0650     -    0.1742  
 3   0.1583  0.1742     -    

Average distances (expected heterozygosity) between individuals in same cluster:
cluster  1  : 0.6505 
cluster  2  : 0.6157 
cluster  3  : 0.5518 

--------------------------------------------
Estimated Ln Prob of Data   = -2637.0
Mean value of ln likelihood = -2576.8
Variance of ln likelihood   = 120.4
Mean value of alpha         = 0.0399

Mean value of Fst_1         = 0.1013
Mean value of Fst_2         = 0.2194
Mean value of Fst_3         = 0.1867


Inferred ancestry of individuals:
        Label (%Miss) Pop:  Inferred clusters
  1        1    (0)    2 :  0.069 0.014 0.918 
  2       10    (0)    2 :  0.010 0.016 0.975 
  3     1219    (7)    2 :  0.013 0.005 0.982 
  4     1223    (0)    2 :  0.498 0.011 0.491 
  5     1225   (14)    2 :  0.012 0.018 0.969 
  6     1226    (0)    2 :  0.008 0.005 0.986 
  7     1228    (0)    2 :  0.029 0.007 0.964 
  8     1238    (0)    2 :  0.017 0.015 0.967 
  9     1243    (0)    2 :  0.034 0.010 0.956 
 10     1244    (7)    2 :  0.031 0.014 0.955 
 11     1253    (7)    2 :  0.020 0.004 0.975 
 12     1254    (0)    2 :  0.007 0.009 0.985 
 13     1274    (0)    2 :  0.005 0.005 0.990 
 14     1275    (0)    2 :  0.055 0.027 0.918 
 15     1277    (7)    2 :  0.008 0.024 0.968 
 16     1284    (7)    2 :  0.008 0.005 0.988 
 17     1296    (7)    2 :  0.010 0.006 0.985 
 18     1297    (0)    2 :  0.017 0.010 0.973 
 19     1299    (7)    2 :  0.006 0.005 0.988 
 20     1302    (0)    2 :  0.054 0.056 0.890 
 21     1303    (7)    2 :  0.038 0.013 0.949 
 22     1304    (0)    2 :  0.007 0.013 0.980 
 23     1312    (0)    2 :  0.027 0.010 0.963 
 24     1317    (0)    2 :  0.006 0.005 0.988 
 25     1318    (0)    2 :  0.085 0.016 0.899 
 26     1319    (0)    2 :  0.007 0.020 0.973 
 27     1320    (0)    2 :  0.005 0.008 0.987 
 28     1321    (7)    2 :  0.024 0.009 0.967 
 29     1323    (0)    2 :  0.017 0.214 0.769 
 30     1324    (0)    2 :  0.021 0.062 0.917 
 31     1325    (7)    2 :  0.020 0.018 0.962 
 32     1326    (0)    2 :  0.024 0.009 0.968 
 33     1327    (7)    2 :  0.013 0.008 0.980 
 34     1328    (0)    2 :  0.005 0.005 0.990 
 35     1329    (7)    1 :  0.008 0.987 0.005 
 36       15    (0)    3 :  0.973 0.017 0.010 
 37       16    (7)    2 :  0.006 0.009 0.985 
 38       17    (7)    3 :  0.656 0.146 0.198 
 39       19    (7)    3 :  0.987 0.008 0.005 
 40        2    (0)    2 :  0.004 0.004 0.992 
 41       20    (0)    1 :  0.006 0.990 0.004 
 42       21    (0)    2 :  0.021 0.014 0.965 
 43       27    (7)    1 :  0.008 0.977 0.015 
 44       28    (0)    3 :  0.917 0.077 0.006 
 45       29    (7)    2 :  0.005 0.007 0.988 
 46       30    (7)    2 :  0.012 0.034 0.953 
 47       31    (0)    2 :  0.006 0.012 0.983 
 48       32    (7)    2 :  0.010 0.008 0.982 
 49       33    (0)    2 :  0.006 0.009 0.985 
 50       34    (0)    3 :  0.305 0.008 0.687 
 51       36    (0)    3 :  0.415 0.576 0.009 
 52       37    (0)    2 :  0.015 0.020 0.965 
 53       38    (0)    3 :  0.970 0.020 0.009 
 54        4    (7)    2 :  0.008 0.063 0.930 
 55       40    (0)    3 :  0.586 0.388 0.026 
 56       41    (7)    3 :  0.973 0.019 0.008 
 57       42    (0)    3 :  0.068 0.907 0.025 
 58      429    (0)    1 :  0.010 0.975 0.015 
 59       43    (7)    3 :  0.971 0.013 0.015 
 60       44    (7)    3 :  0.985 0.009 0.006 
 61       45    (0)    2 :  0.013 0.008 0.979 
 62      457    (7)    1 :  0.051 0.942 0.007 
 63       46    (0)    2 :  0.009 0.008 0.983 
 64       47    (7)    2 :  0.033 0.407 0.560 
 65      471    (0)    1 :  0.008 0.987 0.005 
 66      479    (0)    1 :  0.033 0.962 0.006 
 67       48    (0)    3 :  0.971 0.021 0.007 
 68       49    (0)    3 :  0.984 0.008 0.008 
 69      494    (0)    1 :  0.018 0.971 0.010 
 70        5    (7)    2 :  0.013 0.006 0.980 
 71       50    (7)    3 :  0.979 0.008 0.013 
 72      505    (7)    1 :  0.018 0.973 0.009 
 73      508    (0)    1 :  0.030 0.928 0.042 
 74       51    (0)    3 :  0.986 0.008 0.007 
 75       52    (7)    3 :  0.954 0.041 0.004 
 76       54    (7)    3 :  0.640 0.041 0.319 
 77       55    (7)    2 :  0.009 0.017 0.974 
 78       56    (0)    2 :  0.004 0.005 0.991 
 79       57    (7)    2 :  0.006 0.006 0.988 
 80       58    (7)    2 :  0.008 0.008 0.985 
 81       59    (7)    2 :  0.011 0.009 0.981 
 82       60    (0)    2 :  0.008 0.008 0.983 
 83      604    (0)    1 :  0.010 0.869 0.121 
 84       61    (0)    3 :  0.938 0.015 0.047 
 85       62    (7)    2 :  0.005 0.004 0.990 
 86       63    (0)    2 :  0.011 0.012 0.977 
 87       64    (0)    2 :  0.131 0.048 0.821 
 88       66    (0)    2 :  0.008 0.048 0.945 
 89       67    (7)    2 :  0.012 0.021 0.967 
 90       68    (0)    2 :  0.015 0.007 0.978 
 91       69    (7)    2 :  0.006 0.009 0.986 
 92      691    (7)    1 :  0.011 0.979 0.010 
 93        7    (7)    3 :  0.974 0.022 0.005 
 94      715    (0)    1 :  0.007 0.988 0.004 
 95      724    (0)    4 :  0.988 0.006 0.005 
 96      755    (0)    4 :  0.432 0.562 0.006 
 97      768    (7)    4 :  0.924 0.042 0.034 
 98        8    (0)    2 :  0.004 0.004 0.991 
 99      806    (0)    4 :  0.986 0.007 0.006 
100      817    (0)    3 :  0.966 0.028 0.005 
101      827    (7)    3 :  0.971 0.010 0.019 
102      828    (0)    3 :  0.981 0.014 0.004 
103      829    (0)    3 :  0.977 0.014 0.009 
104      834    (7)    3 :  0.984 0.011 0.005 
105      845    (0)    3 :  0.884 0.106 0.010 
106      846    (0)    3 :  0.857 0.135 0.007 
107      853    (0)    3 :  0.984 0.007 0.009 
108      864    (7)    3 :  0.971 0.008 0.021 
109      865    (0)    3 :  0.925 0.065 0.011 
110      877    (0)    3 :  0.968 0.025 0.007 
111      884    (7)    3 :  0.977 0.012 0.011 
112      886    (0)    3 :  0.975 0.013 0.011 
113      890    (0)    3 :  0.964 0.008 0.028 
114      894    (0)    1 :  0.010 0.984 0.005 
115        9    (0)    1 :  0.015 0.969 0.015 
116      901    (0)    3 :  0.628 0.299 0.073 
117      911    (7)    3 :  0.906 0.032 0.061 
118      915    (7)    3 :  0.984 0.010 0.006 
119      918    (7)    3 :  0.969 0.022 0.009 
120      920    (7)    3 :  0.975 0.010 0.016 
121      921    (0)    3 :  0.977 0.010 0.013 
122      928    (0)    3 :  0.940 0.045 0.015 
123      929    (7)    3 :  0.829 0.160 0.011 
124      933    (0)    3 :  0.925 0.009 0.066 
125      937    (0)    3 :  0.982 0.006 0.012 
126      951    (7)    3 :  0.477 0.505 0.017 
127      952    (0)    1 :  0.007 0.987 0.006 
128      956    (0)    1 :  0.006 0.988 0.006 
129      957    (7)    3 :  0.958 0.033 0.009 
130      966    (7)    3 :  0.984 0.010 0.006 
131      967    (7)    3 :  0.978 0.014 0.008 
132      968    (7)    3 :  0.959 0.033 0.007 
133      969    (0)    3 :  0.982 0.005 0.012 
134      970    (0)    3 :  0.982 0.013 0.005 
135      974    (0)    3 :  0.882 0.103 0.015 
136      975    (7)    3 :  0.884 0.109 0.006 
137      976    (0)    3 :  0.945 0.010 0.044 
138      978    (0)    2 :  0.107 0.089 0.804 
139      979    (0)    2 :  0.010 0.008 0.981 
140      980    (0)    2 :  0.007 0.005 0.987 
141      981    (7)    2 :  0.031 0.073 0.896 
142      982    (0)    2 :  0.041 0.013 0.946 
143      983    (0)    2 :  0.053 0.049 0.897 
144      984    (0)    2 :  0.015 0.005 0.979 
145      985    (0)    2 :  0.009 0.004 0.987 
146      986    (0)    2 :  0.017 0.039 0.944 
147      987    (7)    2 :  0.012 0.006 0.982 
148      988    (0)    2 :  0.006 0.006 0.988 
149      989    (7)    2 :  0.018 0.008 0.974 
150      990   (14)    2 :  0.008 0.005 0.987 
151      991    (0)    2 :  0.006 0.020 0.974 
152      992    (0)    2 :  0.007 0.012 0.981 
153      993    (7)    2 :  0.010 0.022 0.967 
154      994    (0)    2 :  0.183 0.007 0.810 
155     1322   (14)    2 :  0.016 0.017 0.967 


Estimated Allele Frequencies in each cluster
First column gives estimated ancestral frequencies


Locus 1 : 
21 alleles
1.9% missing data
   1   (0.046) 0.067 0.004 0.005 
   4   (0.043) 0.008 0.013 0.478 
  13   (0.063) 0.050 0.006 0.103 
   7   (0.066) 0.107 0.006 0.055 
  12   (0.117) 0.216 0.132 0.073 
   5   (0.058) 0.066 0.005 0.027 
  17   (0.027) 0.002 0.002 0.014 
   2   (0.056) 0.010 0.031 0.067 
  15   (0.029) 0.002 0.002 0.071 
   3   (0.068) 0.041 0.030 0.032 
  18   (0.055) 0.014 0.288 0.018 
  16   (0.060) 0.012 0.188 0.020 
  11   (0.071) 0.209 0.269 0.002 
  10   (0.033) 0.063 0.003 0.001 
  20   (0.031) 0.029 0.003 0.001 
  22   (0.032) 0.046 0.003 0.001 
  19   (0.034) 0.037 0.003 0.001 
   9   (0.027) 0.002 0.002 0.007 
  21   (0.027) 0.005 0.004 0.011 
   8   (0.030) 0.011 0.002 0.001 
   6   (0.028) 0.003 0.003 0.013 

Locus 2 : 
5 alleles
0.0% missing data
   1   (0.095) 0.026 0.009 0.259 
   2   (0.405) 0.643 0.626 0.075 
   3   (0.272) 0.208 0.073 0.552 
   5   (0.183) 0.120 0.081 0.113 
   4   (0.045) 0.004 0.211 0.001 

Locus 3 : 
6 alleles
0.0% missing data
   6   (0.325) 0.293 0.168 0.707 
   1   (0.126) 0.111 0.016 0.126 
   4   (0.183) 0.391 0.059 0.035 
   3   (0.194) 0.098 0.424 0.112 
   5   (0.137) 0.104 0.329 0.013 
   2   (0.035) 0.003 0.004 0.007 

Locus 4 : 
3 alleles
0.0% missing data
   1   (0.599) 0.614 0.696 0.702 
   2   (0.238) 0.325 0.057 0.196 
   3   (0.163) 0.061 0.247 0.102 

Locus 5 : 
3 alleles
19.0% missing data
   2   (0.588) 0.512 0.677 0.833 
   3   (0.362) 0.451 0.318 0.166 
   1   (0.050) 0.037 0.005 0.002 

Locus 6 : 
10 alleles
0.0% missing data
   2   (0.056) 0.006 0.005 0.604 
   4   (0.187) 0.109 0.085 0.206 
  10   (0.075) 0.006 0.198 0.068 
   1   (0.091) 0.148 0.012 0.010 
   3   (0.318) 0.464 0.450 0.103 
   5   (0.052) 0.098 0.004 0.002 
   6   (0.088) 0.082 0.093 0.003 
   8   (0.039) 0.003 0.145 0.001 
   7   (0.057) 0.072 0.005 0.002 
   9   (0.038) 0.012 0.003 0.001 

Locus 7 : 
8 alleles
0.0% missing data
   5   (0.108) 0.009 0.189 0.438 
   8   (0.099) 0.034 0.026 0.083 
   1   (0.168) 0.338 0.026 0.137 
   4   (0.136) 0.077 0.032 0.179 
   6   (0.336) 0.482 0.486 0.151 
   3   (0.034) 0.004 0.003 0.006 
   2   (0.084) 0.053 0.225 0.002 
   7   (0.036) 0.003 0.013 0.004 

Values of parameters used in structure:
DATAFILE=../thrush,	OUTFILE=outfile,	NUMINDS=155,	NUMLOCI=7,	MISSING=-9,	LABEL=1,	POPDATA=1,	POPFLAG=0,	PHENOTYPE=0,	EXTRACOLS=0,	MAXPOPS=3,	BURNIN=100000,	NUMREPS=10000,	USEPOPINFO=0,	INFERALPHA=1,	INFERLAMBDA=0,	POPSPECIFICLAMBDA=0,	POPALPHAS=0,	COMPUTEPROB=1,	NOADMIX=0,	ADMBURNIN=0,	UPDATEFREQ=100,	PRINTLIKES=0,	INTERMEDSAVE=0,	PRINTKLD=0,	PRINTNET=1,	PRINTLAMBDA=1,	ANCESTDIST=0,	NUMBOXES=1000,	ANCESTPINT=0.90000,	GENSBACK=2,	MIGRPRIOR=0.01000,	PRINTQHAT=0,	PRINTQSUM=1,	ALPHA=1.0000,	FREQSCORR=1,	FPRIORMEAN=0.0100,	FPRIORSD=0.0500,	ONEFST=0,	LAMBDA=1.0000,	UNIFPRIORALPHA=1,	ALPHAMAX=10.0000,	ALPHAPRIORA=1.0000,	ALPHAPRIORB=2.0000,	ALPHAPROPSD=0.0250,	STARTATPOPINFO=0,	RANDOMIZE=1,	LINKAGE=0,	METROFREQ=10,	REPORTHITRATE=0,	MARKOVPHASE=0,	PHASED=0,	PLOIDY=2,	PHASEINFO=0	LOCPRIOR=0, 	LOCPRIORINIT=1.000000, 	LOCDATA=0, 	LOCISPOP=0, 	LOCPRIORSTEP=0.100000, 	MAXLOCPRIOR=20.000000, 	SEED=1481534397,	
[STRAT parameters]:    NUMSIMSTATS=1000,	PHENOTYPECOL=-9,	POOLFREQ=10,	LOCUSxONLY=0,	EMERROR=0.00100,	MISSINGPHENO=-9,	